$ANSIBLE_VAULT;1.1;AES256
65393362313666373466323462613662373739313537333166613439336239636663303134386565
3466363230366262646638373463363537626630326338310a383766316265326234653864643831
63313962373366326361353931393130636431346139343735393230633363363163633362353861
3361323961393439380a373365623636306662323866613237323461663464393364336336663335
30646362646362316366356561336661323730636336636336386563343534333938623964633666
64313830643935373863373766646331633563646530643838343965613636346438613230656463
31653463376437643633333063636130353164666261616131633661316363343939356636653332
31306231396633653539353839313538326237373030303465653866343537343964373238653864
36366432366137653539353964396664643032343230646636316265386333636238643363656563
37373638613463313666333232303232616431626662356636393063306236633135663537343433
30633561643461343463353032333432316232313739626636373962663933626233343035656266
65313037386434303634356230393535393363373530626465636134643265643537653061653230
66633366636265393963373861343831356132303236363561353534613634376462353738333335
64363330363137363834616161663164333834386137356338383937356637663436306332623434
33343534616566623237353561636531613831366334633762633333363264626233616366626536
32623663623034383665306464373133653930386330326631636562356234616365663231353537
30313638623764663361323965656531393264623635646238326166386636346436633566666139
62373563356433643834353862613439356163313339633737623039363037313030336236613537
38663965393536346634646536333464653139303332643430393433333166396263623237333662
33633035366164643963323030363264336564663561326134626331383065346261616237313333
36336133333632643030353064666466323839383034643633363732653062623835633032373466
62656562616536393532643532393232633934303463626439346462613235393236353638313532
66343766626366656361326362376338396165346465356161353966353033623761323763343230
37633236643236646337376532636132623935333834376563343234343036373761333762656661
3830
