$ANSIBLE_VAULT;1.1;AES256
65646138333432363963393532356661646338636663626161396661306466646334303466326235
3137643830646238323962313665653730306563643031320a336134386164373561623635656231
66663435646130306331656331356138316662363531326566363530633434386538656630323633
6237623665623837640a373833373362326532623665343031633536663330636366666330316566
39663739646161653331356532313431623639386134616337356437326634666430316334333230
30636539323461333835646437333332323039353162343033633063326566373130383735383732
32373163386536303630623639326131643630643235633362376639376662303634353432313963
36636165613930363164623232363366376233663437333563326230616336306565343735393662
62373162633164643530653531336433383066313065326261303835353937646334323637363838
36376437393739323831666132303133386532613332626338356138343739383161616431613738
66373532363837613234353037326234383261643063396466656131323533383335666265343566
39616130613439616432333935396339393037306537316632336135663965313863333063356134
63623362643066656335333962616134376361636461616162336339323337626561366565633133
37306435393332613237353061643136376131326161333430646636363434643363373065323365
62396633303461356432393161666466636337643036323339653732633136353963363239353361
65313561653131343236316461646463383561643537656333336139623731393935636437363235
38323739623862343533633132366662393336623437653665326365626534346138316565663632
30663565363562356333343235333035643961323339356232343434323732343935333935356634
34343032346365633537383561316365303566303837323066636137646261333164633763343932
65303336333630353537383263656361306662653063356432613762663537613237303331643535
66356337346233316638313137303765653533386364643237303061376137363732663164333933
38346331313734346163623465643738643634643236353032363530643165366432653064646466
36313830656636393139663062643666643436303866356134633763336134363634326333383730
66613437306634306237336565306661303338336665396535656633356261613438306539376130
37373634353238306135323166623339393134316433656565383739363331343630306334643662
65636330373434656133343566383331383132633264396436623831363638353030303233373335
32373538613866613834613132303764323531336434663365363436353033323238336565386561
30316339653463336362306233383630363436626163646636613932623030333036303566363863
32663765383463626530663638666339623835386435396531306637366539336437333739386562
32363036376433363565633732316663333264333864326162336631663462316136376330616362
62373066376631643662343264336232666164326239663661343536323461373666376234633864
63343735656462336237346132336561623634393038383161313330396437393866653363333962
61646662376432386138666337303834633166313561323438353633656165616437353634613036
30393034623764383264373137313831373262333734613538346337393465343362386139363161
39326262616430303665383832333636343336396461616462376132343161636135346534393630
34333231393336373836613634636639353838323864303732393030373836643964373064643134
32663834366162383836376430323830643034383933363362363030323261633363353238366636
35636334336363393861623037313137386538313234333439313262326632653235613030623630
36396135623630643864313833653062336330313833346362663835626635366630613031396466
66383532656338383533666664333861383238343837316230336666316332313463333261323461
33633930326664363832356166386562613435663331666161656462663832303136323463633561
38306663623439663935663035623933393236393930666330653532653539346561306437353264
38616263353634373862313937323362363964666635316566393739376562393132623561333638
36393834613862653339636437626363323365383163643466313336333033333734356366386264
62663462353764616337616630303137333862656633376636346561653038616332346239646432
39616638633964623430633661313634326530616132616266616531343136396339386233353736
34316334336462343738613662666537656362393733373434313639333839623265346432323339
33313261626238633639336238373438323639323663356239663364373137313235333239363930
62656362386534366365373265323864356230336438376662323964643537373431376432646632
34323637633165326435333039303762373561356237356531666134343930323465323236313064
65636632616564343566333365636165633332653962373733666338633564376166636333633564
33303238396463386235313334363335363464653036636531363633303539303962383563663962
39383133646132393535663262303130663961316131323661326637613231303634613539653664
35336235396666386363666633636132633238333663346563653061306664643131623935313134
39663637363066303038666635383132363963393865616236323166396535396339373865333064
31653135623930636530343430613235336164646464626235313938666665613065386531393431
66646361643834336631646365356533633066333233333662653735636137343030656365373266
32643031633765326633386363636235646435323531343764343533386634653932313630393763
61363964363838326438356531303335363037626162623637313633356636353037343239383561
31346636643630336336306538643437323937343437336639393039363730393938323031333137
38663866306435323030616664323731666161656439663530356136363736306238373163656264
39386432396633323366633235303835356132373334666234323736376130323965303566623963
66356630396664636635613833353030313530303533383837633163626131393361613066633562
37326233323362306664353036386638303461356662366337356439323837636563323138316134
64396535636339633261653438386630316365323639633039393334653862633533333034333662
39383332646330646339393436353231373436353162616162346237356161303266613763323864
64626430626537303934366464356638343537613533633565636534396166313962626637383062
62663935646666663736326432393939366564663464356135613937636336656539336537383165
38646637633165363262623833656366633038626636333333326566616634353730373030643630
31336633323165653166313035386430653337643561393831363233323636656230633466303737
63623234303139366463306130303036376662336635316366303332643233363666373364323934
30653239633034613963643432323064393332383265386635613765646438333161633838356436
34353466666533646137653165386432323237643237623134316461333333316163323730313162
62613466393139303966306135373766313664316638383030323237393432626164633738663431
32663765623666353463376534376133663636373534333433643361363764303661616434633365
61633564323331313164653665396439316335306430643261316639303661396465376136326330
30396265323734306364383066363834646439303335623433643234653762373662386134303439
63343961363931313336376165336137366262303838343134303630393866356663663835626232
37333861666232303134346266643439653062633439616437373763613037313066383138336162
63623165663035383361306131643638383063306462653438363135323336333361366137336136
33383136343739333238616438333861366133616465383630666466623435373536343732353931
37646633313238663130383133373439323934316363383562366236333765376564336235356532
35636338363031386664366236316330363939616630383665336636636135323563623064303031
35613931366562393961373330396563633161633462333133313337343030386333323561383962
66636438653964353730393162313965366235353739646332323333343765326432653437363062
66346635363736323536623765353066393537353337643765393535613232383130363231663662
37306361353961653236393562633939613335666264666566613738383766616466323466633739
65616636653837313738323464653462653765383331646138356639306661666430373034343834
33383636343930383764393461303462643034333932653266636438636665363632636338663531
61323162343239356265663831386165636364336339346465373630616432386265313034333133
37343636643032643832613164373166663733343631663839383935323233326330303534303462
64376137373862326233396665343234313732326330353064353633373563613231333233626563
39383439303532363830616535333761323137366530653437396237323935303861373737366161
34343532663531336531313966363134303166666236623733336463666535306130626530303563
66316463313762363937623233343064366237643332373066356665353332313934623735393763
39386335313962376363393364343238393038656435363265363330353537646365336165373932
64376133376434303932373731646330613361323861333762316336333763383865303636333235
36666563316164656534333961623538663939646534613165356439336231346538376261633461
65626334393262633866313836333664336231393235626439653535636565303635636166306532
38626465646665663839353939383465373838313236376439633934613565333231343339646332
34336233663736373139643862306336636463333037353732383434346634633231646639313464
30336465313934313031633333663861343034373637316435396561313231326436353530353061
31353064383237643064333636383062306265386166373661343863366466643631656261356133
65643164643030663734306333336138386139316530343463346236643262376161643461313939
32623030393235393365316266653038393032386339656231646366636461633165346330613964
61326630303832616536323864653332626137633632646632326631313536396630626266643162
62666432336665653736626562376333666134656633363437616535333732656262356636323031
32316634313363663933333339333135373438626630393762323835616532383337363430363238
36616164646633383962326638626336623464303762623236636563383134346562653932623731
35623533646530356238333037396635353663336361316639383166353335663237656130326664
38653838356566653266353331623631373635376532663961333035396462333234656632623162
32353037366537383239656465376430393435356366346130646536343465323465373837356366
33646264636365323466303030323737396532663536646432303164306132616533386538303138
63303138633037363663383561366334373832616262383562303263613261373733616531653835
64313066353833623035346437373661663863383133623939333866346662336366613862633535
33636535336461386364323831313536643938396138383038643164356163316261356234336132
64353838386430666633363166656533323938343163653730316435626561376236373165663165
31663035613137613164393636613834633633353730663162636666646336376139313766353530
30613362303434383230386362643364633231636265656134343334376464656365663737623530
34326332353436613366316662366539373765646361656363623362393238653061323363613863
38346631666332393937333464353262343737363761353132613232396661653636326364373531
38616438353665613633306363383431653733306638616434376537386364326134343466323832
38653561343064316334396635356463333566633732363732346435333633323330376566323439
37333237316137656631633961333466643336376539633161303538646232666636663362333337
32313538303265376430303264633436656566616365356266343466306635393131393434343962
37633637613336313034386465386237323831363335636265353233353830626230346464316530
66353734653532396539303533663037343366623763386432633666326563653034666437326233
62633633313565656438613336303737633762323465373735363836623833393635333834386361
39396665343339343932663565306662313065383561616130393230393834626132643463326161
32303336343330353730386562386339356636373730656466336236303835613630346537623266
38663462363234613531313738356339363734316536393064393038313932656236396135343233
63366631313165633836353539306266633739346561306362383435663363663864353338646561
65383033326630626131336635373638643137656432663432633632623265396332353931643166
64613539643937303563623966366137303334343133386265663666333034336566383363356432
35346661623064646138633030353439353662356565353433626339303030623132383130316562
66626239366239333630613531393865336539636361613036346130626332613232616161373137
33663533623735303362343932643333393662343135656465376636653064326631343930393266
34633937313165336230376465373963383039306131653266313666663364373736623566373931
36613331663831336461323232643038393836373637346466626562376531666434313066383139
32303766363563326330636236613531346336376166336439373566313731643736613365666231
31306665353138373466656437323163623264396238303030353337313162363865663664303364
63343536343635633837636663623261336638636137623534653436326532323963643039336435
61383737616239376634353065326363356434343731303437653732303536383031363538333234
61326563306566346638306333613034396435303166383133373933303132326132353464663936
63646132316335613937373637333863303665333463653136396235363734633861326433613437
33646434363963613331623133633139313335613833653961373938623035383362323331323630
33383562316436393936613561616339393866316634373134343533333830366163656565323361
36373430666631623738363563343463646235353731383066656566626662666665346563323438
62313636373831366565333835376534326436393161346261383438333435376562396630393235
62313230663239613130353065643936613037353261333933346466646564386364303337613130
30616631323135333230326164373234363064643263643233376661373261386334343032353238
34666266613863626431353430376164636336353866636439343034343237376435306662623363
33323139386339633563613063663966316265366262663166343233376562383732326237623861
64313035303662336135363633623230306364353862326463353332396431323534633635646532
37386534376464393331363561653563396339363665663439353163643631386663623035303264
64613031323562623538333261353532383131353365356133633962373634323065643030353333
31373163623366393339663862356163633766643861343832366666393463366261653138393639
38333032343461653930363334333162363331326362663365313937343633396236643461363562
31303033343432393635633937393235623264613734653130346630306231623332383061623938
33373663396331393439356139333936656162653666643130396230326235336561666439646335
66616463616633363662326334393664663364313336653763386162363437356165393933656130
64646531326365613264353439353534623765303164316266366639383535626363323665326662
38313461353461333736663138353634646230323662613162313333623138343339323132346235
35396436663231313035656239323161376466633933333832306563393565316237303932363336
31326462613636643536393733363336396463313834346364383165306636393130343732313535
30646330346635353238383032646464636462663365316164313262366534633634343331613737
65643033356233303631356538373030383439336436376232373634356162366133383861386538
39353935393663336166383066343038376161633738396232323564306134373866326461393766
36633130643531376334616562306461393339366363643236616436383232343866666564386235
39376438643666306462633138393137663834653939383261313063393064333465336538313666
61333263386164353838636434653638373037396537386263656464646466383032386231396332
37656564626564323837653065373733633830663935336238653562303663353035343532613163
66376136646532613762363862613633313164663266386238646330363931373035
